0 0.4483173076923077 0.7259615384615384 0.359375 0.546875
0 0.36778846153846156 0.7223557692307693 0.5204326923076923 0.5276442307692307
3 0.4963942307692308 0.7211538461538461 0.09975961538461539 0.1310096153846154
3 0.6105769230769231 0.6442307692307693 0.04567307692307692 0.06610576923076923
3 0.46875 0.5612980769230769 0.07211538461538461 0.055288461538461536
3 0.5120192307692307 0.5024038461538461 0.06370192307692307 0.06129807692307692
3 0.5913461538461539 0.5144230769230769 0.051682692307692304 0.04447115384615385
3 0.4375 0.75 0.1310096153846154 0.09495192307692307
3 0.19951923076923078 0.8894230769230769 0.1201923076923077 0.06610576923076923
3 0.296875 0.6237980769230769 0.1658653846153846 0.11899038461538461
3 0.3954326923076923 0.6526442307692307 0.07211538461538461 0.07211538461538461
3 0.4074519230769231 0.5168269230769231 0.046875 0.055288461538461536
3 0.3161057692307692 0.5384615384615384 0.055288461538461536 0.06129807692307692