3 0.8513888894230769 0.7111111105769231 0.8333333341346154 0.6944444447115384 0.8166666658653846 0.6944444447115384 0.8125 0.701388889423077 0.8166666658653846 0.7055555552884616 0.847222221153846 0.7138888894230769 0.8513888894230769 0.7111111105769231
3 0.6208333341346154 0.6694444447115384 0.613888889423077 0.6638888894230769 0.5902777788461538 0.6652777788461539 0.5916666658653846 0.6708333341346153 0.6125 0.6708333341346153 0.6152777788461539 0.6652777788461539 0.6208333341346154 0.6694444447115384
3 0.9458333341346153 0.7041666658653847 0.9666666658653846 0.7055555552884616 0.9680555552884615 0.6972222211538461 0.9555555552884616 0.6819444447115385 0.9277777788461539 0.6819444447115385 0.9333333341346154 0.6847222211538462 0.9277777788461539 0.6916666658653846 0.9458333341346153 0.7041666658653847
3 0.7138888894230769 0.6583333341346154 0.7111111105769231 0.6638888894230769 0.7305555552884615 0.6777777788461539 0.7305555552884615 0.6638888894230769 0.7138888894230769 0.6583333341346154
3 0.45555555528846153 0.6833333341346154 0.4430555552884616 0.6791666658653847 0.42638888942307696 0.6805555552884616 0.41944444471153847 0.6875 0.4208333341346154 0.6916666658653846 0.44722222115384613 0.6916666658653846 0.45555555528846153 0.6833333341346154
3 0.5805555552884616 0.7111111105769231 0.5597222211538462 0.7111111105769231 0.5555555552884616 0.715277778846154 0.5597222211538462 0.7194444447115385 0.5888888894230769 0.7180555552884615 0.5805555552884616 0.7111111105769231
3 0.6416666658653847 0.6708333341346153 0.6361111105769232 0.6652777788461539 0.613888889423077 0.6652777788461539 0.5958333341346154 0.6694444447115384 0.6208333341346154 0.675 0.638888889423077 0.675 0.6416666658653847 0.6708333341346153
3 0.8361111105769231 0.7041666658653847 0.8384263894230769 0.7083333341346154 0.8458333341346154 0.7083333341346154 0.8333333341346154 0.701388889423077 0.8305555552884616 0.6944444447115384 0.7944444447115384 0.6930555552884615 0.7944444447115384 0.6986111105769232 0.8083333341346154 0.7055555552884616 0.8310180552884615 0.7083333341346154 0.8361111105769231 0.7041666658653847
3 0.009722221153846154 0.9930555552884616 0.018055555288461537 0.9930555552884616 0.018055555288461537 0.9847222211538462 0.029166665865384616 0.9805555552884615 0.03194444471153846 0.9680555552884615 0.04166666586538462 0.965277778846154 0.06805555528846154 0.9444444447115384 0.06944444471153846 0.9333333341346154 0.05277777884615385 0.9347222211538462 0.019444444711538462 0.9555555552884616 0.005555555288461538 0.9680555552884615 0.005555555288461538 0.9805555552884615 0.0125 0.9875 0.009722221153846154 0.9930555552884616
3 0.5277777788461538 0.6486111105769231 0.5083333341346153 0.6513888894230769 0.5069444447115384 0.6555555552884615 0.5180555552884616 0.6583333341346154 0.5291666658653846 0.6541666658653846 0.5277777788461538 0.6486111105769231
3 0.8972222211538461 0.7722222211538461 0.909722221153846 0.7652777788461538 0.9125000000000001 0.7722222211538461 0.925 0.7708333341346154 0.9055555552884615 0.7611111105769232 0.8513888894230769 0.7583333341346153 0.8458333341346154 0.7597222211538461 0.847222221153846 0.763888889423077 0.8680555552884616 0.7708333341346154 0.8972222211538461 0.7722222211538461
3 0.7930555552884615 0.7569444447115384 0.8055555552884616 0.7652777788461538 0.8958333341346154 0.7736111105769231 0.9694444447115385 0.763888889423077 0.9680555552884615 0.7555555552884615 0.9319444447115385 0.7430555552884616 0.8986111105769231 0.7430555552884616 0.8930555552884616 0.7375 0.8652777788461539 0.7375 0.8555555552884615 0.7319444447115384 0.7472222211538462 0.7305555552884615 0.7472222211538462 0.7416666658653847 0.7749999999999999 0.7444444447115385 0.7805555552884615 0.7555555552884615 0.7930555552884615 0.7569444447115384
3 0.6166666658653847 0.8500000000000001 0.613888889423077 0.8430555552884615 0.5972222211538462 0.8416666658653846 0.5902777788461538 0.8333333341346154 0.5694444447115384 0.8444444447115385 0.5680555552884615 0.8555555552884615 0.5833333341346154 0.8666666658653847 0.5916666658653846 0.8666666658653847 0.6166666658653847 0.8500000000000001
3 0.5402777788461539 0.6430555552884616 0.5069444447115384 0.6513888894230769 0.5055555552884615 0.6555555552884615 0.5194444447115385 0.659722221153846 0.5472222211538461 0.6555555552884615 0.5402777788461539 0.6430555552884616
3 0.5930555552884615 0.6638888894230769 0.5944444447115385 0.6708333341346153 0.6208333341346154 0.6694444447115384 0.6125 0.6625000000000001 0.5930555552884615 0.6638888894230769
3 0.613888889423077 0.6555555552884615 0.613888889423077 0.6625000000000001 0.6305555552884615 0.6638888894230769 0.6305555552884615 0.6555555552884615 0.613888889423077 0.6555555552884615
3 0.45833333413461536 0.6805555552884616 0.4347222211538462 0.6791666658653847 0.41944444471153847 0.686111110576923 0.4222222211538461 0.6930555552884615 0.47361111057692307 0.6916666658653846 0.47222222115384616 0.6847222211538462 0.45833333413461536 0.6805555552884616
3 0.5583333341346154 0.6638888894230769 0.5472222211538461 0.6680555552884615 0.5555555552884616 0.675 0.5930555552884615 0.6694444447115384 0.5583333341346154 0.6638888894230769
3 0.4986111105769231 0.6791666658653847 0.4930555552884615 0.6791666658653847 0.4958333341346154 0.6875 0.5027777788461538 0.6833333341346154 0.4986111105769231 0.6791666658653847
3 0.45694444471153844 0.6625000000000001 0.4319444447115384 0.6708333341346153 0.4333333341346154 0.6805555552884616 0.45833333413461536 0.6805555552884616 0.4763888894230769 0.6638888894230769 0.45694444471153844 0.6625000000000001
3 0.5833333341346154 0.9944444447115385 0.5819444447115385 0.9972222211538462 0.5916666658653846 0.9972222211538462 0.5972222211538462 0.9930555552884616 0.5833333341346154 0.9944444447115385
3 0.5902777788461538 0.9472222211538461 0.5819444447115385 0.9416666658653846 0.5722222211538461 0.9541666658653847 0.5722222211538461 0.9611111105769231 0.5791666658653847 0.9638888894230769 0.5888888894230769 0.9583333341346154 0.5902777788461538 0.9472222211538461
3 0.8333333341346154 0.6972222211538461 0.826388889423077 0.6916666658653846 0.8027777788461539 0.6930555552884615 0.8208333341346153 0.6972222211538461 0.8277777788461538 0.6930555552884615 0.8333333341346154 0.6972222211538461
3 0.6486111105769231 0.7055555552884616 0.675 0.7055555552884616 0.6763888894230768 0.688888889423077 0.6680555552884615 0.6833333341346154 0.6486111105769231 0.6847222211538462 0.6472222211538461 0.688888889423077 0.652777778846154 0.6916666658653846 0.652777778846154 0.701388889423077 0.6486111105769231 0.7055555552884616
3 0.6541666658653846 0.7291666658653846 0.6652777788461539 0.7263888894230769 0.6680555552884615 0.7208333341346154 0.6611111105769231 0.7083333341346154 0.6513888894230769 0.7055555552884616 0.6069444447115384 0.7097222211538461 0.5888888894230769 0.7166666658653846 0.5861111105769231 0.7194444447115385 0.5944444447115385 0.7250000000000001 0.6152777788461539 0.7305555552884615 0.6541666658653846 0.7291666658653846
3 0.6402777788461538 0.6708333341346153 0.6347222211538461 0.6638888894230769 0.6194444447115385 0.6625000000000001 0.5625 0.6625000000000001 0.5527777788461539 0.6666666658653846 0.5569444447115385 0.6722222211538462 0.5888888894230769 0.675 0.6333333341346153 0.675 0.6402777788461538 0.6708333341346153
3 0.5430555552884615 0.6458333341346154 0.5333333341346154 0.6430555552884616 0.5152777788461539 0.6486111105769231 0.511111110576923 0.6541666658653846 0.5208333341346154 0.6569444447115385 0.5375 0.652777778846154 0.5430555552884615 0.6458333341346154
3 0.6305555552884615 0.6583333341346154 0.6180555552884616 0.6583333341346154 0.613888889423077 0.6625000000000001 0.6125 0.6680555552884615 0.6180555552884616 0.6708333341346153 0.6416666658653847 0.6694444447115384 0.6305555552884615 0.6583333341346154
3 0.6041666658653846 0.6708333341346153 0.6402777788461538 0.6708333341346153 0.6291666658653846 0.6555555552884615 0.613888889423077 0.6555555552884615 0.5930555552884615 0.6638888894230769 0.5916666658653846 0.6680555552884615 0.5958333341346154 0.6708333341346153 0.6 0.6638888894230769 0.6041666658653846 0.6708333341346153
3 0.2430555552884615 0.9555555552884616 0.2430555552884615 0.9444444447115384 0.23055555528846156 0.9444444447115384 0.20138888942307692 0.9750000000000001 0.19722222115384616 0.9819444447115384 0.21250000000000002 0.9875 0.2208333341346154 0.972222221153846 0.2430555552884615 0.9555555552884616
3 0.7680555552884616 0.6833333341346154 0.7930555552884615 0.6833333341346154 0.7652777788461538 0.6777777788461539 0.7680555552884616 0.6833333341346154
3 0.6486111105769231 0.6833333341346154 0.6486111105769231 0.688888889423077 0.6791666658653847 0.6930555552884615 0.675 0.6847222211538462 0.6486111105769231 0.6833333341346154
3 0.9208333341346153 0.7250000000000001 0.9180555552884615 0.7263888894230769 0.9319444447115385 0.7305555552884615 0.9355243557692308 0.7262592307692307 0.9208333341346153 0.7250000000000001
3 0.9448312235576922 0.7270569615384616 0.9373401153846154 0.7264148677884615 0.9395833341346154 0.7305555552884615 0.9448312235576922 0.7270569615384616
3 0.9972222211538462 0.7250000000000001 0.9805555552884615 0.7208333341346154 0.9694444447115385 0.7291666658653846 0.9556592043269231 0.7279850745192308 0.9583333341346154 0.7333333341346153 0.9750000000000001 0.7375 0.9777777788461539 0.7250000000000001 0.9847222211538462 0.7250000000000001 0.9840277788461538 0.7375 0.9930555552884616 0.7375 0.9972222211538462 0.7319444447115384 0.9972222211538462 0.7250000000000001
3 0.9552662043269231 0.727951389423077 0.9462271971153846 0.7271766177884615 0.9486111105769232 0.7319444447115384 0.9552662043269231 0.727951389423077
3 0.688888889423077 0.722222221153846 0.6847222211538462 0.7194444447115385 0.6805555552884616 0.7194444447115385 0.6805555552884616 0.7250000000000001 0.6875 0.7291666658653846 0.688888889423077 0.722222221153846