3 0.39305555528846153 0.8180555552884615 0.39722222115384614 0.8125 0.3138888894230769 0.8083333341346154 0.3041666658653846 0.8166666658653846 0.30277777884615387 0.8194444447115384 0.3166666658653846 0.8277777788461538 0.3430555552884615 0.8277777788461538 0.39305555528846153 0.8180555552884615
3 0.1791666658653846 0.6680555552884615 0.18194444471153848 0.659722221153846 0.1888888894230769 0.6555555552884615 0.1888888894230769 0.6430555552884616 0.16666666586538462 0.6430555552884616 0.16805555528846156 0.6541666658653846 0.17638888942307693 0.6569444447115385 0.1791666658653846 0.6680555552884615
3 0.4680555552884615 0.7527777788461538 0.4625 0.7444444447115385 0.4527777788461539 0.748611110576923 0.451388889423077 0.7569444447115384 0.45555555528846153 0.7597222211538461 0.46388888942307693 0.7583333341346153 0.4680555552884615 0.7527777788461538
3 0.3138888894230769 0.8291666658653847 0.3458333341346154 0.8277777788461538 0.4 0.813888889423077 0.39305555528846153 0.8083333341346154 0.33333333413461536 0.8083333341346154 0.3180555552884616 0.8 0.3055555552884615 0.8152777788461538 0.29305555528846156 0.8194444447115384 0.29444444471153847 0.8222222211538461 0.3138888894230769 0.8291666658653847
3 0.7916666658653846 0.8055555552884616 0.784722221153846 0.8055555552884616 0.784722221153846 0.8 0.7833333341346154 0.8055555552884616 0.8083333341346154 0.8319444447115385 0.8125 0.8319444447115385 0.7916666658653846 0.8055555552884616
3 0.7472222211538462 0.7305555552884615 0.8013888894230768 0.7611111105769232 0.8180555552884615 0.7805555552884615 0.8416666658653846 0.7930555552884615 0.8638888894230768 0.8152777788461538 0.8777777788461538 0.8208333341346153 0.9333333341346154 0.8680555552884616 0.9972222211538462 0.8986111105769231 0.9972222211538462 0.875 0.9875 0.8583333341346153 0.951388889423077 0.840277778846154 0.9277777788461539 0.8222222211538461 0.9152777788461539 0.8208333341346153 0.9083333341346154 0.813888889423077 0.8902777788461538 0.8125 0.8805555552884615 0.7944444447115384 0.8708333341346154 0.7930555552884615 0.8583333341346153 0.7805555552884615 0.811111110576923 0.7527777788461538 0.8069444447115385 0.7458333341346154 0.7944444447115384 0.7430555552884616 0.784722221153846 0.7319444447115384 0.7694444447115385 0.7277777788461539 0.7124999999999999 0.6916666658653846 0.7027777788461538 0.6916666658653846 0.7111111105769231 0.7041666658653847 0.7250000000000001 0.7097222211538461 0.7472222211538462 0.7305555552884615
3 0.39305555528846153 0.7055555552884616 0.41944444471153847 0.7055555552884616 0.40138888942307693 0.7027777788461538 0.39305555528846153 0.7055555552884616
3 0.17361111057692308 0.8555555552884615 0.16111111057692307 0.8625 0.15972222115384616 0.8680555552884616 0.17638888942307693 0.8680555552884616 0.1833333341346154 0.8583333341346153 0.17361111057692308 0.8555555552884615
3 0.14583333413461538 0.6875 0.13472222115384616 0.6916666658653846 0.14583333413461538 0.7069444447115385 0.1888888894230769 0.7083333341346154 0.1833333341346154 0.6916666658653846 0.14583333413461538 0.6875
3 0.9333333341346154 0.8583333341346153 0.9472222211538461 0.8666666658653847 0.9666666658653846 0.8708333341346154 0.9694444447115385 0.875 0.9750000000000001 0.8708333341346154 0.9541666658653847 0.8569444447115384 0.9180555552884615 0.8444444447115385 0.9152777788461539 0.8458333341346154 0.9194444447115384 0.8527777788461539 0.9375 0.8527777788461539 0.9333333341346154 0.8583333341346153
3 0.39444444471153844 0.7055555552884616 0.35555555528846156 0.701388889423077 0.3430555552884615 0.7027777788461538 0.3430555552884615 0.7111111105769231 0.3680555552884615 0.7138888894230769 0.39444444471153844 0.7055555552884616
3 0.1875 0.8555555552884615 0.16805555528846156 0.8569444447115384 0.15972222115384616 0.8638888894230768 0.16249999999999998 0.8694444447115385 0.1791666658653846 0.8666666658653847 0.20555555528846153 0.8527777788461539 0.21250000000000002 0.847222221153846 0.21250000000000002 0.840277778846154 0.21805555528846154 0.8430555552884615 0.275 0.8236111105769232 0.29027777884615386 0.8305555552884616 0.3375 0.8291666658653847 0.4 0.813888889423077 0.39305555528846153 0.8083333341346154 0.3375 0.8083333341346154 0.33194444471153844 0.8055555552884616 0.33333333413461536 0.7930555552884615 0.2486111105769231 0.7791666658653846 0.1958333341346154 0.7805555552884615 0.18472222115384615 0.8 0.19722222115384616 0.8180555552884615 0.21805555528846154 0.8222222211538461 0.22638888942307694 0.8291666658653847 0.1875 0.8555555552884615
3 0.2430555552884615 0.8291666658653847 0.2527777788461539 0.8291666658653847 0.2916666658653846 0.813888889423077 0.3166666658653846 0.7930555552884615 0.3055555552884615 0.784722221153846 0.21805555528846154 0.7763888894230769 0.1944444447115385 0.7805555552884615 0.1875 0.7902777788461539 0.18472222115384615 0.8041666658653847 0.1958333341346154 0.8180555552884615 0.23611111057692308 0.8236111105769232 0.2430555552884615 0.8291666658653847
3 0.35694444471153847 0.9347222211538462 0.35277777884615386 0.9263888894230768 0.33194444471153844 0.9263888894230768 0.32361111057692304 0.9305555552884616 0.33055555528846153 0.9402777788461538 0.3458333341346154 0.9416666658653846 0.35694444471153847 0.9347222211538462
3 0.45972222115384614 0.8013888894230768 0.4541666658653846 0.7944444447115384 0.4625 0.7902777788461539 0.4666666658653846 0.7958333341346153 0.47361111057692307 0.784722221153846 0.4694444447115385 0.7833333341346154 0.4388888894230769 0.8027777788461539 0.4083333341346154 0.8083333341346154 0.4527777788461539 0.8055555552884616 0.45972222115384614 0.8013888894230768
3 0.2416666658653846 0.8305555552884616 0.26944444471153844 0.8222222211538461 0.29444444471153847 0.8291666658653847 0.3375 0.8291666658653847 0.4 0.8152777788461538 0.3986111105769231 0.8083333341346154 0.34861111057692307 0.8069444447115385 0.3430555552884615 0.8 0.3430555552884615 0.7888888894230769 0.3180555552884616 0.7930555552884615 0.30277777884615387 0.784722221153846 0.21527777884615384 0.777777778846154 0.19722222115384616 0.7805555552884615 0.1888888894230769 0.7902777788461539 0.1875 0.8041666658653847 0.19722222115384616 0.8180555552884615 0.22777777884615386 0.8208333341346153 0.2416666658653846 0.8305555552884616
3 0.45555555528846153 0.7541666658653846 0.4625 0.751388889423077 0.4541666658653846 0.75 0.45555555528846153 0.7541666658653846
3 0.4416666658653846 0.8013888894230768 0.4402777788461538 0.8069444447115385 0.4625 0.8013888894230768 0.47361111057692307 0.784722221153846 0.4416666658653846 0.8013888894230768
3 0.3375 0.8291666658653847 0.40138888942307693 0.813888889423077 0.3986111105769231 0.8083333341346154 0.34861111057692307 0.8069444447115385 0.3430555552884615 0.8 0.3430555552884615 0.7888888894230769 0.3194444447115385 0.7958333341346153 0.30138888942307696 0.813888889423077 0.28611111057692307 0.8222222211538461 0.2958333341346154 0.8305555552884616 0.3375 0.8291666658653847
3 0.423611110576923 0.8069444447115385 0.42500000000000004 0.813888889423077 0.4541666658653846 0.8055555552884616 0.4666666658653846 0.7972222211538462 0.4625 0.7902777788461539 0.47222222115384616 0.7902777788461539 0.47361111057692307 0.784722221153846 0.4430555552884616 0.7972222211538462 0.4388888894230769 0.8027777788461539 0.4069444447115385 0.8069444447115385 0.4055555552884615 0.813888889423077 0.4125 0.8069444447115385 0.41527777884615386 0.813888889423077 0.423611110576923 0.8069444447115385