3 0.5861111105769231 0.6958333341346153 0.5847222211538461 0.7041666658653847 0.5930555552884615 0.7055555552884616 0.5930555552884615 0.6986111105769232 0.5861111105769231 0.6958333341346153
3 0.4759263894230769 0.6430555552884616 0.5097222211538461 0.6444444447115385 0.5027777788461538 0.6319444447115384 0.4666666658653846 0.6361111105769232 0.46388888942307693 0.6402777788461538 0.4680555552884615 0.6430555552884616 0.475 0.6361111105769232 0.4759263894230769 0.6430555552884616
3 0.6652777788461539 0.6555555552884615 0.7097222211538461 0.6569444447115385 0.7138888894230769 0.6513888894230769 0.7111111105769231 0.6486111105769231 0.6402777788461538 0.6402777788461538 0.638888889423077 0.6444444447115385 0.6291666658653846 0.6430555552884616 0.6652777788461539 0.6555555552884615
3 0.34861111057692307 0.7597222211538461 0.3763888894230769 0.7597222211538461 0.4083333341346154 0.7527777788461538 0.5277777788461538 0.7569444447115384 0.551388889423077 0.7541666658653846 0.5569444447115385 0.7472222211538462 0.5416666658653846 0.722222221153846 0.5222222211538461 0.715277778846154 0.511111110576923 0.7055555552884616 0.5055555552884615 0.6625000000000001 0.4416666658653846 0.652777778846154 0.42638888942307696 0.6444444447115385 0.4069444447115385 0.6472222211538461 0.3819444447115385 0.6638888894230769 0.26805555528846153 0.6680555552884615 0.2541666658653846 0.6805555552884616 0.23055555528846156 0.6833333341346154 0.22916666586538462 0.6930555552884615 0.1944444447115385 0.7111111105769231 0.1944444447115385 0.7208333341346154 0.23333333413461538 0.7319444447115384 0.3 0.7319444447115384 0.34861111057692307 0.7597222211538461
3 0.625 0.6027777788461539 0.623611110576923 0.5972222211538462 0.6166666658653847 0.5972222211538462 0.6097222211538461 0.6027777788461539 0.625 0.6027777788461539
3 0.625 0.6027777788461539 0.6333333341346153 0.6027777788461539 0.6305555552884615 0.5972222211538462 0.625 0.6027777788461539
3 0.22777777884615386 0.7763888894230769 0.23055555528846156 0.7597222211538461 0.19722222115384616 0.7444444447115385 0.19027777884615385 0.7277777788461539 0.1805555552884615 0.7250000000000001 0.16805555528846156 0.7305555552884615 0.17083333413461538 0.7430555552884616 0.1944444447115385 0.7652777788461538 0.22777777884615386 0.7763888894230769
3 0.326388889423077 0.6041666658653846 0.29027777884615386 0.6041666658653846 0.28888888942307694 0.6125 0.29444444471153847 0.6152777788461539 0.3277777788461539 0.6180555552884616 0.326388889423077 0.6041666658653846
3 0.4305555552884615 0.7597222211538461 0.4347222211538462 0.7555555552884615 0.41805555528846156 0.751388889423077 0.4 0.7527777788461538 0.3902777788461539 0.7430555552884616 0.36388888942307696 0.7347222211538462 0.33194444471153844 0.7347222211538462 0.32361111057692304 0.7402777788461539 0.32222222115384613 0.75 0.35555555528846156 0.763888889423077 0.39722222115384614 0.763888889423077 0.4305555552884615 0.7597222211538461
3 0.625 0.5722222211538461 0.6222222211538462 0.576388889423077 0.6305555552884615 0.5791666658653847 0.6305555552884615 0.573611110576923 0.625 0.5722222211538461
3 0.5333333341346154 0.6694444447115384 0.5319444447115385 0.6805555552884616 0.5555555552884616 0.6833333341346154 0.5555555552884616 0.6708333341346153 0.5333333341346154 0.6694444447115384
3 0.45694444471153844 0.6125 0.4416666658653846 0.6097222211538461 0.38472222115384613 0.6152777788461539 0.3763888894230769 0.6194444447115385 0.3805555552884616 0.6277777788461538 0.4430555552884616 0.6305555552884615 0.45555555528846153 0.6194444447115385 0.45694444471153844 0.6125
3 0.15625 0.6045673076923077 0.001201923076923077 0.002403846153846154
3 0.21527777884615384 0.5972222211538462 0.21944444471153846 0.5916666658653846 0.22430555528846152 0.5972222211538462 0.23333333413461538 0.5972222211538462 0.2916666658653846 0.5888888894230769 0.2972222211538461 0.5805555552884616 0.2583333341346154 0.5722222211538461 0.23055555528846156 0.5777777788461539 0.22499999999999998 0.5847222211538461 0.20555555528846153 0.5819444447115385 0.20277777884615386 0.5847222211538461 0.21250000000000002 0.5847222211538461 0.2166666658653846 0.5888888894230769 0.20833333413461538 0.5944444447115385 0.1958333341346154 0.5944444447115385 0.1916666658653846 0.5847222211538461 0.19027777884615385 0.5888888894230769 0.18472222115384615 0.5888888894230769 0.18472222115384615 0.5958333341346154 0.1888888894230769 0.5902777788461538 0.1944444447115385 0.5958333341346154 0.21527777884615384 0.5972222211538462
3 0.6791666658653847 0.6166666658653847 0.659722221153846 0.6180555552884616 0.6930555552884615 0.6222222211538462 0.6930555552884615 0.6180555552884616 0.6791666658653847 0.6166666658653847
3 0.5055555552884615 0.5861111105769231 0.4930555552884615 0.5861111105769231 0.4930555552884615 0.5902777788461538 0.513888889423077 0.5916666658653846 0.5055555552884615 0.5861111105769231
3 0.3902777788461539 0.7444444447115385 0.36250000000000004 0.7347222211538462 0.33055555528846153 0.736111110576923 0.33055555528846153 0.7430555552884616 0.3680555552884615 0.751388889423077 0.3916666658653846 0.751388889423077 0.3902777788461539 0.7444444447115385
3 0.5305555552884615 0.6791666658653847 0.5555555552884616 0.6819444447115385 0.5569444447115385 0.6611111105769231 0.5680555552884615 0.6430555552884616 0.5680555552884615 0.6097222211538461 0.5597222211538462 0.6125 0.5444444447115384 0.6291666658653846 0.5541666658653847 0.6402777788461538 0.5430555552884615 0.6652777788461539 0.5305555552884615 0.6722222211538462 0.5305555552884615 0.6791666658653847
3 0.35555555528846156 0.7652777788461538 0.4083333341346154 0.7652777788461538 0.4375 0.7569444447115384 0.41527777884615386 0.751388889423077 0.35694444471153847 0.75 0.33333333413461536 0.7430555552884616 0.3208333341346154 0.7458333341346154 0.32222222115384613 0.7541666658653846 0.33194444471153844 0.7555555552884615 0.3416666658653846 0.763888889423077 0.35555555528846156 0.7652777788461538
3 0.2416666658653846 0.8861111105769232 0.2430555552884615 0.8652777788461539 0.22222222115384616 0.8583333341346153 0.20694444471153844 0.8680555552884616 0.20972222115384614 0.8805555552884615 0.22638888942307694 0.8916666658653847 0.2416666658653846 0.8861111105769232
3 0.17777777884615384 0.5569444447115385 0.1583333341346154 0.5541666658653847 0.15555555528846154 0.5680555552884615 0.17777777884615384 0.5680555552884615 0.18194444471153848 0.5638888894230769 0.17777777884615384 0.5569444447115385
3 0.5680555552884615 0.6430555552884616 0.5680555552884615 0.6097222211538461 0.5555555552884616 0.6152777788461539 0.5430555552884615 0.6305555552884615 0.5541666658653847 0.6402777788461538 0.5583333341346154 0.6513888894230769 0.5680555552884615 0.6430555552884616
3 0.5444444447115384 0.6583333341346154 0.5388888894230769 0.6680555552884615 0.5319444447115385 0.6694444447115384 0.5319444447115385 0.6805555552884616 0.5569444447115385 0.6805555552884616 0.5527777788461539 0.6569444447115385 0.5444444447115384 0.6583333341346154
3 0.4416666658653846 0.9930555552884616 0.5097222211538461 0.9930555552884616 0.44722222115384613 0.9902777788461539 0.4416666658653846 0.9930555552884616
3 0.5430555552884615 0.9944444447115385 0.551388889423077 0.9902777788461539 0.5527777788461539 0.9944444447115385 0.5597222211538462 0.9944444447115385 0.5569444447115385 0.9888888894230768 0.5666666658653846 0.9944444447115385 0.573611110576923 0.9944444447115385 0.573611110576923 0.9888888894230768 0.5791666658653847 0.9888888894230768 0.5805555552884616 0.9944444447115385 0.6347222211538461 0.9944444447115385 0.6375 0.9902777788461539 0.6458333341346154 0.9930555552884616 0.626388889423077 0.9847222211538462 0.6180555552884616 0.9902777788461539 0.6013888894230769 0.9888888894230768 0.6 0.9833333341346153 0.5916666658653846 0.9805555552884615 0.5861111105769231 0.9805555552884615 0.5819444447115385 0.9875 0.5722222211538461 0.9875 0.5680555552884615 0.9833333341346153 0.55 0.9902777788461539 0.5236111105769231 0.9888888894230768 0.513888889423077 0.9930555552884616 0.5356486105769231 0.9944444447115385 0.5430555552884615 0.9902777788461539 0.5430555552884615 0.9944444447115385
3 0.5916666658653846 0.9180555552884615 0.5972222211538462 0.9166666658653846 0.5930555552884615 0.9152777788461539 0.5916666658653846 0.9180555552884615
3 0.4666666658653846 0.9541666658653847 0.48194444471153847 0.9638888894230769 0.5097222211538461 0.9541666658653847 0.5347222211538462 0.951388889423077 0.5555555552884616 0.9319444447115385 0.5708333341346153 0.925 0.5680555552884615 0.9180555552884615 0.513888889423077 0.9180555552884615 0.4930555552884615 0.8972222211538461 0.47361111057692307 0.8986111105769231 0.451388889423077 0.909722221153846 0.44861111057692304 0.9180555552884615 0.4527777788461539 0.9208333341346153 0.45555555528846153 0.9375 0.4666666658653846 0.9541666658653847
3 0.4041666658653846 0.5722222211538461 0.42777777884615387 0.5694444447115384 0.4041666658653846 0.5680555552884615 0.4041666658653846 0.5722222211538461
3 0.5458333341346153 0.6569444447115385 0.5416666658653846 0.6666666658653846 0.5319444447115385 0.6694444447115384 0.5333333341346154 0.6805555552884616 0.5569444447115385 0.6805555552884616 0.5527777788461539 0.6555555552884615 0.5458333341346153 0.6569444447115385
3 0.4944444447115384 0.6055555552884615 0.49027777884615387 0.6027777788461539 0.4666666658653846 0.6097222211538461 0.3833333341346154 0.6152777788461539 0.3763888894230769 0.6194444447115385 0.3805555552884616 0.6277777788461538 0.4527777788461539 0.6305555552884615 0.4916666658653846 0.6152777788461539 0.4944444447115384 0.6055555552884615
3 0.4444444447115385 0.6402777788461538 0.511111110576923 0.6430555552884616 0.5 0.6305555552884615 0.4763888894230769 0.6347222211538461 0.46388888942307693 0.6319444447115384 0.4930555552884615 0.6152777788461539 0.4930555552884615 0.6027777788461539 0.4666666658653846 0.6097222211538461 0.4347222211538462 0.6097222211538461 0.3777777788461538 0.6180555552884616 0.375 0.6222222211538462 0.3805555552884616 0.6277777788461538 0.4388888894230769 0.6305555552884615 0.4444444447115385 0.6402777788461538
3 0.5833333341346154 0.6208333341346154 0.5847222211538461 0.626388889423077 0.6083333341346153 0.6277777788461538 0.6013888894230769 0.6208333341346154 0.5833333341346154 0.6208333341346154
3 0.6305555552884615 0.638888889423077 0.6291666658653846 0.6430555552884616 0.6444444447115385 0.6472222211538461 0.6458333341346154 0.6430555552884616 0.652777778846154 0.6486111105769231 0.65572390625 0.645664983173077 0.6305555552884615 0.638888889423077
3 0.65572390625 0.645664983173077 0.6666666658653846 0.6486111105769231 0.6569444447115385 0.6444444447115385 0.65572390625 0.645664983173077
3 0.4055555552884615 0.7666666658653847 0.42777777884615387 0.763888889423077 0.4388888894230769 0.7569444447115384 0.41666666586538464 0.751388889423077 0.4 0.7527777788461538 0.388888889423077 0.7430555552884616 0.36250000000000004 0.7347222211538462 0.33194444471153844 0.7347222211538462 0.3291666658653846 0.7388888894230768 0.30277777884615387 0.7416666658653847 0.30277777884615387 0.7555555552884615 0.33055555528846153 0.7555555552884615 0.35277777884615386 0.7652777788461538 0.4055555552884615 0.7666666658653847
3 0.2208333341346154 0.7736111105769231 0.2416666658653846 0.7680555552884616 0.24722222115384615 0.7597222211538461 0.2527777788461539 0.7611111105769232 0.2541666658653846 0.7791666658653846 0.3083333341346154 0.7819444447115385 0.3208333341346154 0.7708333341346154 0.3125 0.7680555552884616 0.3041666658653846 0.7583333341346153 0.3 0.7680555552884616 0.28888888942307694 0.7708333341346154 0.2791666658653846 0.751388889423077 0.27638888942307693 0.7569444447115384 0.26944444471153844 0.7541666658653846 0.27222222115384614 0.7458333341346154 0.2527777788461539 0.7444444447115385 0.24027777884615384 0.75 0.23611111057692308 0.7430555552884616 0.21527777884615384 0.7388888894230768 0.20694444471153844 0.7263888894230769 0.1958333341346154 0.7250000000000001 0.19305555528846152 0.7208333341346154 0.18194444471153848 0.7250000000000001 0.17083333413461538 0.7319444447115384 0.17083333413461538 0.7402777788461539 0.1944444447115385 0.763888889423077 0.2208333341346154 0.7736111105769231