3 0.7583333341346153 0.7319444447115384 0.7194444447115385 0.7277777788461539 0.722222221153846 0.7402777788461539 0.7416666658653847 0.7458333341346154 0.7652777788461538 0.7430555552884616 0.7583333341346153 0.7319444447115384
3 0.22916666586538462 0.7250000000000001 0.23194444471153847 0.715277778846154 0.22916666586538462 0.7111111105769231 0.20833333413461538 0.7111111105769231 0.1888888894230769 0.7180555552884615 0.15972222115384616 0.7208333341346154 0.1583333341346154 0.7347222211538462 0.1944444447115385 0.7375 0.2208333341346154 0.7305555552884615 0.22916666586538462 0.7250000000000001
3 0.7416666658653847 0.8041666658653847 0.7388888894230768 0.7888888894230769 0.7194444447115385 0.7916666658653846 0.7041666658653847 0.7819444447115385 0.6680555552884615 0.7861111105769231 0.6625000000000001 0.8 0.6694444447115384 0.8125 0.7277777788461539 0.8125 0.7416666658653847 0.8041666658653847
3 0.5027777788461538 0.7430555552884616 0.46388888942307693 0.7305555552884615 0.4625 0.7416666658653847 0.48055555528846156 0.7541666658653846 0.5041666658653846 0.7541666658653846 0.5027777788461538 0.7430555552884616
3 0.21527777884615384 0.6875 0.23333333413461538 0.6930555552884615 0.3138888894230769 0.688888889423077 0.3277777788461539 0.6833333341346154 0.33333333413461536 0.6708333341346153 0.33194444471153844 0.6652777788461539 0.3083333341346154 0.6555555552884615 0.25 0.6638888894230769 0.19722222115384616 0.6652777788461539 0.19861111057692307 0.6708333341346153 0.20833333413461538 0.6666666658653846 0.20694444471153844 0.6791666658653847 0.21527777884615384 0.6875
3 0.3069444447115385 0.7111111105769231 0.30138888942307696 0.7055555552884616 0.2569444447115385 0.7041666658653847 0.2555555552884615 0.7083333341346154 0.27222222115384614 0.7138888894230769 0.3041666658653846 0.715277778846154 0.3069444447115385 0.7111111105769231
3 0.33194444471153844 0.777777778846154 0.3458333341346154 0.7652777788461538 0.3444444447115385 0.7597222211538461 0.3277777788461539 0.7569444447115384 0.28888888942307694 0.7569444447115384 0.2875 0.7652777788461538 0.30138888942307696 0.7680555552884616 0.3097222211538462 0.7763888894230769 0.33194444471153844 0.777777778846154
3 0.6583333341346154 0.8652777788461539 0.6555555552884615 0.8847222211538461 0.6805555552884616 0.8833333341346153 0.6694444447115384 0.8652777788461539 0.6583333341346154 0.8652777788461539
3 0.5694444447115384 0.7666666658653847 0.5805555552884616 0.7763888894230769 0.5861111105769231 0.7736111105769231 0.6027777788461539 0.777777778846154 0.6152777788461539 0.7708333341346154 0.6444444447115385 0.7736111105769231 0.6652777788461539 0.7666666658653847 0.6680555552884615 0.7597222211538461 0.6777777788461539 0.7555555552884615 0.6777777788461539 0.751388889423077 0.6708333341346153 0.7569444447115384 0.6638888894230769 0.75 0.623611110576923 0.7430555552884616 0.5430555552884615 0.7388888894230768 0.5236111105769231 0.7444444447115385 0.5222222211538461 0.75 0.5305555552884615 0.7583333341346153 0.5305555552884615 0.7680555552884616 0.5694444447115384 0.7666666658653847
3 0.511111110576923 0.6402777788461538 0.5097222211538461 0.6444444447115385 0.5472222211538461 0.6430555552884616 0.5388888894230769 0.6361111105769232 0.511111110576923 0.6402777788461538
3 0.6708333341346153 0.7541666658653846 0.6458333341346154 0.7458333341346154 0.5944444447115385 0.7444444447115385 0.5944444447115385 0.751388889423077 0.6125 0.7555555552884615 0.6569444447115385 0.7583333341346153 0.6708333341346153 0.7541666658653846
3 0.6916666658653846 0.8194444447115384 0.6791666658653847 0.813888889423077 0.6680555552884615 0.8152777788461538 0.6638888894230769 0.8194444447115384 0.6708333341346153 0.8291666658653847 0.6847222211538462 0.826388889423077 0.6916666658653846 0.8194444447115384